{
 "cells": [
  {
   "cell_type": "code",
   "execution_count": 11,
   "metadata": {},
   "outputs": [
    {
     "name": "stdout",
     "output_type": "stream",
     "text": [
      "OrderedDict({'AAPL': 0.0, 'AMZN': 0.0, 'AVGO': 0.0, 'BRK-B': 0.0, 'FB': 0.0, 'GOOG': 0.0, 'GOOGL': 0.0, 'JPM': 0.0, 'LLY': 0.58015, 'MSFT': 0.0, 'NVDA': 0.41985, 'TSLA': 0.0, 'UNH': 0.0, 'V': 0.0, 'XOM': 0.0})\n",
      "Expected annual return: 70.0%\n",
      "Annual volatility: 32.8%\n",
      "Sharpe Ratio: 2.07\n"
     ]
    },
    {
     "name": "stderr",
     "output_type": "stream",
     "text": [
      "c:\\Users\\JRichards\\AppData\\Local\\Programs\\Python\\Python312\\Lib\\site-packages\\pypfopt\\expected_returns.py:56: FutureWarning: The default fill_method='pad' in DataFrame.pct_change is deprecated and will be removed in a future version. Either fill in any non-leading NA values prior to calling pct_change or specify 'fill_method=None' to not fill NA values.\n",
      "  returns = prices.pct_change().dropna(how=\"all\")\n",
      "c:\\Users\\JRichards\\AppData\\Local\\Programs\\Python\\Python312\\Lib\\site-packages\\pypfopt\\expected_returns.py:56: FutureWarning: The default fill_method='pad' in DataFrame.pct_change is deprecated and will be removed in a future version. Either fill in any non-leading NA values prior to calling pct_change or specify 'fill_method=None' to not fill NA values.\n",
      "  returns = prices.pct_change().dropna(how=\"all\")\n"
     ]
    }
   ],
   "source": [
    "import pandas as pd\n",
    "from pypfopt import expected_returns, risk_models, EfficientFrontier\n",
    "\n",
    "data = pd.read_csv('combined_eod_data.csv', index_col='date', parse_dates=True)\n",
    "\n",
    "# Step 2: Calculate expected returns and covariance matrix\n",
    "mu = expected_returns.mean_historical_return(data)\n",
    "S = risk_models.sample_cov(data)\n",
    "\n",
    "# Step 3: Optimize portfolio for maximum Sharpe ratio\n",
    "ef = EfficientFrontier(mu, S)\n",
    "weights = ef.max_sharpe()\n",
    "cleaned_weights = ef.clean_weights()\n",
    "print(cleaned_weights)\n",
    "\n",
    "# Step 4: Calculate performance\n",
    "performance = ef.portfolio_performance(verbose=True)\n"
   ]
  },
  {
   "cell_type": "code",
   "execution_count": 12,
   "metadata": {},
   "outputs": [
    {
     "name": "stdout",
     "output_type": "stream",
     "text": [
      "OrderedDict({'AAPL': 0.01, 'AMZN': 0.01, 'AVGO': 0.01, 'BRK-B': 0.13333, 'FB': 0.01, 'GOOG': 0.13333, 'GOOGL': 0.01, 'JPM': 0.01, 'LLY': 0.13333, 'MSFT': 0.13333, 'NVDA': 0.13333, 'TSLA': 0.01, 'UNH': 0.13333, 'V': 0.01, 'XOM': 0.12})\n",
      "OrderedDict({'AAPL': 0.01, 'AMZN': 0.03784, 'AVGO': 0.01, 'BRK-B': 0.13333, 'FB': 0.13333, 'GOOG': 0.05779, 'GOOGL': 0.01887, 'JPM': 0.03337, 'LLY': 0.13333, 'MSFT': 0.01213, 'NVDA': 0.01, 'TSLA': 0.01, 'UNH': 0.13333, 'V': 0.13333, 'XOM': 0.13333})\n"
     ]
    },
    {
     "name": "stderr",
     "output_type": "stream",
     "text": [
      "c:\\Users\\JRichards\\AppData\\Local\\Programs\\Python\\Python312\\Lib\\site-packages\\pypfopt\\expected_returns.py:56: FutureWarning: The default fill_method='pad' in DataFrame.pct_change is deprecated and will be removed in a future version. Either fill in any non-leading NA values prior to calling pct_change or specify 'fill_method=None' to not fill NA values.\n",
      "  returns = prices.pct_change().dropna(how=\"all\")\n",
      "c:\\Users\\JRichards\\AppData\\Local\\Programs\\Python\\Python312\\Lib\\site-packages\\pypfopt\\expected_returns.py:56: FutureWarning: The default fill_method='pad' in DataFrame.pct_change is deprecated and will be removed in a future version. Either fill in any non-leading NA values prior to calling pct_change or specify 'fill_method=None' to not fill NA values.\n",
      "  returns = prices.pct_change().dropna(how=\"all\")\n"
     ]
    },
    {
     "data": {
      "text/html": [
       "<div>\n",
       "<style scoped>\n",
       "    .dataframe tbody tr th:only-of-type {\n",
       "        vertical-align: middle;\n",
       "    }\n",
       "\n",
       "    .dataframe tbody tr th {\n",
       "        vertical-align: top;\n",
       "    }\n",
       "\n",
       "    .dataframe thead th {\n",
       "        text-align: right;\n",
       "    }\n",
       "</style>\n",
       "<table border=\"1\" class=\"dataframe\">\n",
       "  <thead>\n",
       "    <tr style=\"text-align: right;\">\n",
       "      <th></th>\n",
       "      <th>AAPL</th>\n",
       "      <th>AMZN</th>\n",
       "      <th>AVGO</th>\n",
       "      <th>BRK-B</th>\n",
       "      <th>FB</th>\n",
       "      <th>GOOG</th>\n",
       "      <th>GOOGL</th>\n",
       "      <th>JPM</th>\n",
       "      <th>LLY</th>\n",
       "      <th>MSFT</th>\n",
       "      <th>NVDA</th>\n",
       "      <th>TSLA</th>\n",
       "      <th>UNH</th>\n",
       "      <th>V</th>\n",
       "      <th>XOM</th>\n",
       "    </tr>\n",
       "  </thead>\n",
       "  <tbody>\n",
       "    <tr>\n",
       "      <th>AAPL</th>\n",
       "      <td>0.217336</td>\n",
       "      <td>0.069397</td>\n",
       "      <td>0.083551</td>\n",
       "      <td>0.043012</td>\n",
       "      <td>0.061914</td>\n",
       "      <td>0.073743</td>\n",
       "      <td>0.072361</td>\n",
       "      <td>0.052087</td>\n",
       "      <td>0.035026</td>\n",
       "      <td>0.077798</td>\n",
       "      <td>0.115204</td>\n",
       "      <td>0.226909</td>\n",
       "      <td>0.047126</td>\n",
       "      <td>0.059452</td>\n",
       "      <td>0.033580</td>\n",
       "    </tr>\n",
       "    <tr>\n",
       "      <th>AMZN</th>\n",
       "      <td>0.069397</td>\n",
       "      <td>0.306907</td>\n",
       "      <td>0.072431</td>\n",
       "      <td>0.026512</td>\n",
       "      <td>0.050840</td>\n",
       "      <td>0.070036</td>\n",
       "      <td>0.065026</td>\n",
       "      <td>0.030965</td>\n",
       "      <td>0.026316</td>\n",
       "      <td>0.074019</td>\n",
       "      <td>0.111412</td>\n",
       "      <td>0.101455</td>\n",
       "      <td>0.022022</td>\n",
       "      <td>0.040483</td>\n",
       "      <td>0.018304</td>\n",
       "    </tr>\n",
       "    <tr>\n",
       "      <th>AVGO</th>\n",
       "      <td>0.083551</td>\n",
       "      <td>0.072431</td>\n",
       "      <td>0.319207</td>\n",
       "      <td>0.039065</td>\n",
       "      <td>0.054880</td>\n",
       "      <td>0.069512</td>\n",
       "      <td>0.066869</td>\n",
       "      <td>0.059627</td>\n",
       "      <td>0.032267</td>\n",
       "      <td>0.076687</td>\n",
       "      <td>0.146209</td>\n",
       "      <td>0.126883</td>\n",
       "      <td>0.039147</td>\n",
       "      <td>0.055488</td>\n",
       "      <td>0.043516</td>\n",
       "    </tr>\n",
       "    <tr>\n",
       "      <th>BRK-B</th>\n",
       "      <td>0.043012</td>\n",
       "      <td>0.026512</td>\n",
       "      <td>0.039065</td>\n",
       "      <td>0.046404</td>\n",
       "      <td>0.025902</td>\n",
       "      <td>0.035246</td>\n",
       "      <td>0.032514</td>\n",
       "      <td>0.053613</td>\n",
       "      <td>0.023783</td>\n",
       "      <td>0.035563</td>\n",
       "      <td>0.044730</td>\n",
       "      <td>0.041887</td>\n",
       "      <td>0.035506</td>\n",
       "      <td>0.040766</td>\n",
       "      <td>0.043941</td>\n",
       "    </tr>\n",
       "    <tr>\n",
       "      <th>FB</th>\n",
       "      <td>0.061914</td>\n",
       "      <td>0.050840</td>\n",
       "      <td>0.054880</td>\n",
       "      <td>0.025902</td>\n",
       "      <td>0.105930</td>\n",
       "      <td>0.054438</td>\n",
       "      <td>0.054561</td>\n",
       "      <td>0.033392</td>\n",
       "      <td>0.025045</td>\n",
       "      <td>0.052814</td>\n",
       "      <td>0.080407</td>\n",
       "      <td>0.072787</td>\n",
       "      <td>0.031897</td>\n",
       "      <td>0.043199</td>\n",
       "      <td>0.023210</td>\n",
       "    </tr>\n",
       "    <tr>\n",
       "      <th>GOOG</th>\n",
       "      <td>0.073743</td>\n",
       "      <td>0.070036</td>\n",
       "      <td>0.069512</td>\n",
       "      <td>0.035246</td>\n",
       "      <td>0.054438</td>\n",
       "      <td>0.101860</td>\n",
       "      <td>0.099584</td>\n",
       "      <td>0.042198</td>\n",
       "      <td>0.028935</td>\n",
       "      <td>0.072790</td>\n",
       "      <td>0.102786</td>\n",
       "      <td>0.091081</td>\n",
       "      <td>0.033920</td>\n",
       "      <td>0.048903</td>\n",
       "      <td>0.030187</td>\n",
       "    </tr>\n",
       "    <tr>\n",
       "      <th>GOOGL</th>\n",
       "      <td>0.072361</td>\n",
       "      <td>0.065026</td>\n",
       "      <td>0.066869</td>\n",
       "      <td>0.032514</td>\n",
       "      <td>0.054561</td>\n",
       "      <td>0.099584</td>\n",
       "      <td>0.283358</td>\n",
       "      <td>0.033618</td>\n",
       "      <td>0.027123</td>\n",
       "      <td>0.071513</td>\n",
       "      <td>0.099378</td>\n",
       "      <td>0.090555</td>\n",
       "      <td>0.023927</td>\n",
       "      <td>0.045377</td>\n",
       "      <td>0.027381</td>\n",
       "    </tr>\n",
       "    <tr>\n",
       "      <th>JPM</th>\n",
       "      <td>0.052087</td>\n",
       "      <td>0.030965</td>\n",
       "      <td>0.059627</td>\n",
       "      <td>0.053613</td>\n",
       "      <td>0.033392</td>\n",
       "      <td>0.042198</td>\n",
       "      <td>0.033618</td>\n",
       "      <td>0.102401</td>\n",
       "      <td>0.024792</td>\n",
       "      <td>0.041583</td>\n",
       "      <td>0.057099</td>\n",
       "      <td>0.064793</td>\n",
       "      <td>0.043980</td>\n",
       "      <td>0.054398</td>\n",
       "      <td>0.063274</td>\n",
       "    </tr>\n",
       "    <tr>\n",
       "      <th>LLY</th>\n",
       "      <td>0.035026</td>\n",
       "      <td>0.026316</td>\n",
       "      <td>0.032267</td>\n",
       "      <td>0.023783</td>\n",
       "      <td>0.025045</td>\n",
       "      <td>0.028935</td>\n",
       "      <td>0.027123</td>\n",
       "      <td>0.024792</td>\n",
       "      <td>0.102908</td>\n",
       "      <td>0.036163</td>\n",
       "      <td>0.046223</td>\n",
       "      <td>0.019202</td>\n",
       "      <td>0.037143</td>\n",
       "      <td>0.027961</td>\n",
       "      <td>0.021783</td>\n",
       "    </tr>\n",
       "    <tr>\n",
       "      <th>MSFT</th>\n",
       "      <td>0.077798</td>\n",
       "      <td>0.074019</td>\n",
       "      <td>0.076687</td>\n",
       "      <td>0.035563</td>\n",
       "      <td>0.052814</td>\n",
       "      <td>0.072790</td>\n",
       "      <td>0.071513</td>\n",
       "      <td>0.041583</td>\n",
       "      <td>0.036163</td>\n",
       "      <td>0.091880</td>\n",
       "      <td>0.111416</td>\n",
       "      <td>0.096629</td>\n",
       "      <td>0.040352</td>\n",
       "      <td>0.052284</td>\n",
       "      <td>0.026405</td>\n",
       "    </tr>\n",
       "    <tr>\n",
       "      <th>NVDA</th>\n",
       "      <td>0.115204</td>\n",
       "      <td>0.111412</td>\n",
       "      <td>0.146209</td>\n",
       "      <td>0.044730</td>\n",
       "      <td>0.080407</td>\n",
       "      <td>0.102786</td>\n",
       "      <td>0.099378</td>\n",
       "      <td>0.057099</td>\n",
       "      <td>0.046223</td>\n",
       "      <td>0.111416</td>\n",
       "      <td>0.287611</td>\n",
       "      <td>0.180380</td>\n",
       "      <td>0.045524</td>\n",
       "      <td>0.071898</td>\n",
       "      <td>0.033855</td>\n",
       "    </tr>\n",
       "    <tr>\n",
       "      <th>TSLA</th>\n",
       "      <td>0.226909</td>\n",
       "      <td>0.101455</td>\n",
       "      <td>0.126883</td>\n",
       "      <td>0.041887</td>\n",
       "      <td>0.072787</td>\n",
       "      <td>0.091081</td>\n",
       "      <td>0.090555</td>\n",
       "      <td>0.064793</td>\n",
       "      <td>0.019202</td>\n",
       "      <td>0.096629</td>\n",
       "      <td>0.180380</td>\n",
       "      <td>0.655508</td>\n",
       "      <td>0.046113</td>\n",
       "      <td>0.072787</td>\n",
       "      <td>0.034783</td>\n",
       "    </tr>\n",
       "    <tr>\n",
       "      <th>UNH</th>\n",
       "      <td>0.047126</td>\n",
       "      <td>0.022022</td>\n",
       "      <td>0.039147</td>\n",
       "      <td>0.035506</td>\n",
       "      <td>0.031897</td>\n",
       "      <td>0.033920</td>\n",
       "      <td>0.023927</td>\n",
       "      <td>0.043980</td>\n",
       "      <td>0.037143</td>\n",
       "      <td>0.040352</td>\n",
       "      <td>0.045524</td>\n",
       "      <td>0.046113</td>\n",
       "      <td>0.085975</td>\n",
       "      <td>0.040993</td>\n",
       "      <td>0.036871</td>\n",
       "    </tr>\n",
       "    <tr>\n",
       "      <th>V</th>\n",
       "      <td>0.059452</td>\n",
       "      <td>0.040483</td>\n",
       "      <td>0.055488</td>\n",
       "      <td>0.040766</td>\n",
       "      <td>0.043199</td>\n",
       "      <td>0.048903</td>\n",
       "      <td>0.045377</td>\n",
       "      <td>0.054398</td>\n",
       "      <td>0.027961</td>\n",
       "      <td>0.052284</td>\n",
       "      <td>0.071898</td>\n",
       "      <td>0.072787</td>\n",
       "      <td>0.040993</td>\n",
       "      <td>0.077533</td>\n",
       "      <td>0.043175</td>\n",
       "    </tr>\n",
       "    <tr>\n",
       "      <th>XOM</th>\n",
       "      <td>0.033580</td>\n",
       "      <td>0.018304</td>\n",
       "      <td>0.043516</td>\n",
       "      <td>0.043941</td>\n",
       "      <td>0.023210</td>\n",
       "      <td>0.030187</td>\n",
       "      <td>0.027381</td>\n",
       "      <td>0.063274</td>\n",
       "      <td>0.021783</td>\n",
       "      <td>0.026405</td>\n",
       "      <td>0.033855</td>\n",
       "      <td>0.034783</td>\n",
       "      <td>0.036871</td>\n",
       "      <td>0.043175</td>\n",
       "      <td>0.118062</td>\n",
       "    </tr>\n",
       "  </tbody>\n",
       "</table>\n",
       "</div>"
      ],
      "text/plain": [
       "           AAPL      AMZN      AVGO     BRK-B        FB      GOOG     GOOGL  \\\n",
       "AAPL   0.217336  0.069397  0.083551  0.043012  0.061914  0.073743  0.072361   \n",
       "AMZN   0.069397  0.306907  0.072431  0.026512  0.050840  0.070036  0.065026   \n",
       "AVGO   0.083551  0.072431  0.319207  0.039065  0.054880  0.069512  0.066869   \n",
       "BRK-B  0.043012  0.026512  0.039065  0.046404  0.025902  0.035246  0.032514   \n",
       "FB     0.061914  0.050840  0.054880  0.025902  0.105930  0.054438  0.054561   \n",
       "GOOG   0.073743  0.070036  0.069512  0.035246  0.054438  0.101860  0.099584   \n",
       "GOOGL  0.072361  0.065026  0.066869  0.032514  0.054561  0.099584  0.283358   \n",
       "JPM    0.052087  0.030965  0.059627  0.053613  0.033392  0.042198  0.033618   \n",
       "LLY    0.035026  0.026316  0.032267  0.023783  0.025045  0.028935  0.027123   \n",
       "MSFT   0.077798  0.074019  0.076687  0.035563  0.052814  0.072790  0.071513   \n",
       "NVDA   0.115204  0.111412  0.146209  0.044730  0.080407  0.102786  0.099378   \n",
       "TSLA   0.226909  0.101455  0.126883  0.041887  0.072787  0.091081  0.090555   \n",
       "UNH    0.047126  0.022022  0.039147  0.035506  0.031897  0.033920  0.023927   \n",
       "V      0.059452  0.040483  0.055488  0.040766  0.043199  0.048903  0.045377   \n",
       "XOM    0.033580  0.018304  0.043516  0.043941  0.023210  0.030187  0.027381   \n",
       "\n",
       "            JPM       LLY      MSFT      NVDA      TSLA       UNH         V  \\\n",
       "AAPL   0.052087  0.035026  0.077798  0.115204  0.226909  0.047126  0.059452   \n",
       "AMZN   0.030965  0.026316  0.074019  0.111412  0.101455  0.022022  0.040483   \n",
       "AVGO   0.059627  0.032267  0.076687  0.146209  0.126883  0.039147  0.055488   \n",
       "BRK-B  0.053613  0.023783  0.035563  0.044730  0.041887  0.035506  0.040766   \n",
       "FB     0.033392  0.025045  0.052814  0.080407  0.072787  0.031897  0.043199   \n",
       "GOOG   0.042198  0.028935  0.072790  0.102786  0.091081  0.033920  0.048903   \n",
       "GOOGL  0.033618  0.027123  0.071513  0.099378  0.090555  0.023927  0.045377   \n",
       "JPM    0.102401  0.024792  0.041583  0.057099  0.064793  0.043980  0.054398   \n",
       "LLY    0.024792  0.102908  0.036163  0.046223  0.019202  0.037143  0.027961   \n",
       "MSFT   0.041583  0.036163  0.091880  0.111416  0.096629  0.040352  0.052284   \n",
       "NVDA   0.057099  0.046223  0.111416  0.287611  0.180380  0.045524  0.071898   \n",
       "TSLA   0.064793  0.019202  0.096629  0.180380  0.655508  0.046113  0.072787   \n",
       "UNH    0.043980  0.037143  0.040352  0.045524  0.046113  0.085975  0.040993   \n",
       "V      0.054398  0.027961  0.052284  0.071898  0.072787  0.040993  0.077533   \n",
       "XOM    0.063274  0.021783  0.026405  0.033855  0.034783  0.036871  0.043175   \n",
       "\n",
       "            XOM  \n",
       "AAPL   0.033580  \n",
       "AMZN   0.018304  \n",
       "AVGO   0.043516  \n",
       "BRK-B  0.043941  \n",
       "FB     0.023210  \n",
       "GOOG   0.030187  \n",
       "GOOGL  0.027381  \n",
       "JPM    0.063274  \n",
       "LLY    0.021783  \n",
       "MSFT   0.026405  \n",
       "NVDA   0.033855  \n",
       "TSLA   0.034783  \n",
       "UNH    0.036871  \n",
       "V      0.043175  \n",
       "XOM    0.118062  "
      ]
     },
     "execution_count": 12,
     "metadata": {},
     "output_type": "execute_result"
    }
   ],
   "source": [
    "\n",
    "import pandas as pd\n",
    "from pypfopt import expected_returns, risk_models, EfficientFrontier\n",
    "\n",
    "data = pd.read_csv('combined_eod_data.csv', index_col='date', parse_dates=True)\n",
    "\n",
    "mu = expected_returns.mean_historical_return(data)\n",
    "S = risk_models.sample_cov(data, frequency=252)\n",
    "\n",
    "max_weight = 1 / len(data.columns) * 2\n",
    "\n",
    "ef = EfficientFrontier(mu, S, weight_bounds=(0.01, max_weight))\n",
    "weights = ef.max_sharpe()\n",
    "cleaned_weights = ef.clean_weights()\n",
    "print(cleaned_weights)\n",
    "\n",
    "efmin = EfficientFrontier(None, S, weight_bounds=(0.01, max_weight))\n",
    "efmin.min_volatility()\n",
    "weights = efmin.clean_weights()\n",
    "print(weights)\n",
    "\n",
    "S\n",
    "\n",
    "\n"
   ]
  },
  {
   "cell_type": "code",
   "execution_count": 16,
   "metadata": {},
   "outputs": [
    {
     "name": "stdout",
     "output_type": "stream",
     "text": [
      "           AAPL      AMZN      AVGO     BRK-B      GOOG     GOOGL       JPM  \\\n",
      "AAPL   0.000291  0.000221  0.000199  0.000091  0.000214  0.000201  0.000093   \n",
      "AMZN   0.000221  0.001652  0.000279  0.000095  0.000278  0.000246  0.000122   \n",
      "AVGO   0.000199  0.000279  0.001547  0.000070  0.000224  0.000202  0.000130   \n",
      "BRK-B  0.000091  0.000095  0.000070  0.000114  0.000094  0.000076  0.000107   \n",
      "GOOG   0.000214  0.000278  0.000224  0.000094  0.000394  0.000379  0.000097   \n",
      "GOOGL  0.000201  0.000246  0.000202  0.000076  0.000379  0.001500  0.000044   \n",
      "JPM    0.000093  0.000122  0.000130  0.000107  0.000097  0.000044  0.000227   \n",
      "LLY    0.000072  0.000083  0.000084  0.000051  0.000072  0.000059  0.000042   \n",
      "META   0.000084  0.000022 -0.000054 -0.000319  0.000306  0.000296 -0.000307   \n",
      "MSFT   0.000198  0.000273  0.000225  0.000080  0.000241  0.000229  0.000082   \n",
      "NVDA   0.000327  0.000456  0.000548  0.000119  0.000385  0.000360  0.000168   \n",
      "TSLA   0.000318  0.000353  0.000344  0.000091  0.000283  0.000274  0.000156   \n",
      "UNH    0.000065  0.000030  0.000024  0.000055  0.000047 -0.000017  0.000057   \n",
      "V      0.000129  0.000141  0.000118  0.000085  0.000122  0.000099  0.000103   \n",
      "XOM    0.000055  0.000055  0.000053  0.000078  0.000037  0.000018  0.000096   \n",
      "\n",
      "            LLY      META      MSFT      NVDA      TSLA       UNH         V  \\\n",
      "AAPL   0.000072  0.000084  0.000198  0.000327  0.000318  0.000065  0.000129   \n",
      "AMZN   0.000083  0.000022  0.000273  0.000456  0.000353  0.000030  0.000141   \n",
      "AVGO   0.000084 -0.000054  0.000225  0.000548  0.000344  0.000024  0.000118   \n",
      "BRK-B  0.000051 -0.000319  0.000080  0.000119  0.000091  0.000055  0.000085   \n",
      "GOOG   0.000072  0.000306  0.000241  0.000385  0.000283  0.000047  0.000122   \n",
      "GOOGL  0.000059  0.000296  0.000229  0.000360  0.000274 -0.000017  0.000099   \n",
      "JPM    0.000042 -0.000307  0.000082  0.000168  0.000156  0.000057  0.000103   \n",
      "LLY    0.000320  0.000158  0.000082  0.000144  0.000047  0.000067  0.000057   \n",
      "META   0.000158  0.530901  0.000057  0.000047  0.000658 -0.000185  0.000015   \n",
      "MSFT   0.000082  0.000057  0.000289  0.000375  0.000262  0.000060  0.000122   \n",
      "NVDA   0.000144  0.000047  0.000375  0.001210  0.000611  0.000047  0.000201   \n",
      "TSLA   0.000047  0.000658  0.000262  0.000611  0.001892  0.000067  0.000168   \n",
      "UNH    0.000067 -0.000185  0.000060  0.000047  0.000067  0.000202  0.000056   \n",
      "V      0.000057  0.000015  0.000122  0.000201  0.000168  0.000056  0.000212   \n",
      "XOM    0.000016  0.000308  0.000027  0.000046  0.000058  0.000045  0.000065   \n",
      "\n",
      "            XOM  \n",
      "AAPL   0.000055  \n",
      "AMZN   0.000055  \n",
      "AVGO   0.000053  \n",
      "BRK-B  0.000078  \n",
      "GOOG   0.000037  \n",
      "GOOGL  0.000018  \n",
      "JPM    0.000096  \n",
      "LLY    0.000016  \n",
      "META   0.000308  \n",
      "MSFT   0.000027  \n",
      "NVDA   0.000046  \n",
      "TSLA   0.000058  \n",
      "UNH    0.000045  \n",
      "V      0.000065  \n",
      "XOM    0.000311  \n"
     ]
    },
    {
     "name": "stderr",
     "output_type": "stream",
     "text": [
      "C:\\Users\\JRichards\\AppData\\Local\\Temp\\ipykernel_39812\\2269086676.py:13: FutureWarning: The default fill_method='pad' in DataFrame.pct_change is deprecated and will be removed in a future version. Either fill in any non-leading NA values prior to calling pct_change or specify 'fill_method=None' to not fill NA values.\n",
      "  returns = df.pct_change()\n"
     ]
    }
   ],
   "source": [
    "import pandas as pd\n",
    "\n",
    "# Load the CSV file\n",
    "df = pd.read_csv('combined_eod_data.csv')\n",
    "\n",
    "# Set the 'date' column as the index\n",
    "df.set_index('date', inplace=True)\n",
    "\n",
    "# Convert the data to numeric, ignoring errors for any non-numeric data\n",
    "df = df.apply(pd.to_numeric, errors='coerce')\n",
    "\n",
    "# Calculate daily percentage changes\n",
    "returns = df.pct_change()\n",
    "\n",
    "# Drop the first row as it will contain NaN values due to the pct_change calculation\n",
    "returns.dropna(inplace=True)\n",
    "\n",
    "# Calculate the covariance matrix of the percentage changes\n",
    "cov_matrix = returns.cov()\n",
    "\n",
    "# Display the covariance matrix\n",
    "print(cov_matrix)"
   ]
  },
  {
   "cell_type": "code",
   "execution_count": 2,
   "metadata": {},
   "outputs": [
    {
     "name": "stdout",
     "output_type": "stream",
     "text": [
      "                AAPL      AMZN      AVGO     BRK-B        FB      GOOG  \\\n",
      "date                                                                     \n",
      "2019-09-30       NaN       NaN       NaN       NaN       NaN       NaN   \n",
      "2019-10-01  0.002768 -0.000150 -0.004419 -0.006297 -0.012747 -0.011403   \n",
      "2019-10-02 -0.025068 -0.012917 -0.017391 -0.017464 -0.006882 -0.023625   \n",
      "2019-10-03  0.008495  0.006532  0.016144  0.009257  0.027377  0.009519   \n",
      "2019-10-04  0.028032  0.008832  0.025507  0.015123  0.005965  0.017822   \n",
      "\n",
      "               GOOGL       JPM       LLY      MSFT      NVDA      TSLA  \\\n",
      "date                                                                     \n",
      "2019-09-30       NaN       NaN       NaN       NaN       NaN       NaN   \n",
      "2019-10-01 -0.012398 -0.018183 -0.007780 -0.014098 -0.000416  0.015859   \n",
      "2019-10-02 -0.023284 -0.019905 -0.035689 -0.017655 -0.005521 -0.006375   \n",
      "2019-10-03  0.009771 -0.001413  0.002710  0.012105  0.047800 -0.041542   \n",
      "2019-10-04  0.018101  0.021660  0.008482  0.013502  0.003635 -0.006866   \n",
      "\n",
      "                 UNH         V       XOM  \n",
      "date                                      \n",
      "2019-09-30       NaN       NaN       NaN  \n",
      "2019-10-01 -0.000506  0.013255 -0.023509  \n",
      "2019-10-02 -0.002118 -0.025590 -0.026106  \n",
      "2019-10-03 -0.006413  0.017900  0.012360  \n",
      "2019-10-04  0.020617  0.017990  0.014563  \n",
      "                AAPL      AMZN      AVGO     BRK-B        FB      GOOG  \\\n",
      "date                                                                     \n",
      "2019-10-01  0.002768 -0.000150 -0.004419 -0.006297 -0.012747 -0.011403   \n",
      "2019-10-02 -0.025068 -0.012917 -0.017391 -0.017464 -0.006882 -0.023625   \n",
      "2019-10-03  0.008495  0.006532  0.016144  0.009257  0.027377  0.009519   \n",
      "2019-10-04  0.028032  0.008832  0.025507  0.015123  0.005965  0.017822   \n",
      "2019-10-07  0.000220 -0.004018 -0.019010 -0.004037 -0.004267 -0.001092   \n",
      "\n",
      "               GOOGL       JPM       LLY      MSFT      NVDA      TSLA  \\\n",
      "date                                                                     \n",
      "2019-10-01 -0.012398 -0.018183 -0.007780 -0.014098 -0.000416  0.015859   \n",
      "2019-10-02 -0.023284 -0.019905 -0.035689 -0.017655 -0.005521 -0.006375   \n",
      "2019-10-03  0.009771 -0.001413  0.002710  0.012105  0.047800 -0.041542   \n",
      "2019-10-04  0.018101  0.021660  0.008482  0.013502  0.003635 -0.006866   \n",
      "2019-10-07 -0.002238 -0.002181 -0.003420 -0.007240  0.012965  0.027179   \n",
      "\n",
      "                 UNH         V       XOM  \n",
      "date                                      \n",
      "2019-10-01 -0.000506  0.013255 -0.023509  \n",
      "2019-10-02 -0.002118 -0.025590 -0.026106  \n",
      "2019-10-03 -0.006413  0.017900  0.012360  \n",
      "2019-10-04  0.020617  0.017990  0.014563  \n",
      "2019-10-07  0.006551 -0.006137 -0.013774  \n",
      "           AAPL      AMZN      AVGO     BRK-B        FB      GOOG     GOOGL  \\\n",
      "AAPL   1.000000  0.268702  0.317212  0.428293  0.408048  0.495622  0.291589   \n",
      "AMZN   0.268702  1.000000  0.231411  0.222153  0.281961  0.396113  0.220502   \n",
      "AVGO   0.317212  0.231411  1.000000  0.320980  0.298447  0.385499  0.222340   \n",
      "BRK-B  0.428293  0.222153  0.320980  1.000000  0.369443  0.512654  0.283544   \n",
      "FB     0.408048  0.281961  0.298447  0.369443  1.000000  0.524071  0.314924   \n",
      "GOOG   0.495622  0.396113  0.385499  0.512654  0.524071  1.000000  0.586164   \n",
      "GOOGL  0.291589  0.220502  0.222340  0.283544  0.314924  0.586164  1.000000   \n",
      "JPM    0.349151  0.174670  0.329801  0.777745  0.320609  0.413175  0.197356   \n",
      "LLY    0.234210  0.148080  0.178032  0.344169  0.239874  0.282616  0.158835   \n",
      "MSFT   0.550544  0.440790  0.447794  0.544644  0.535344  0.752418  0.443205   \n",
      "NVDA   0.460787  0.374994  0.482541  0.387183  0.460662  0.600523  0.348111   \n",
      "TSLA   0.601168  0.226193  0.277383  0.240164  0.276219  0.352483  0.210113   \n",
      "UNH    0.344753  0.135568  0.236305  0.562135  0.334238  0.362461  0.153295   \n",
      "V      0.457994  0.262436  0.352708  0.679634  0.476675  0.550282  0.306141   \n",
      "XOM    0.209634  0.096161  0.224158  0.593659  0.207546  0.275272  0.149702   \n",
      "\n",
      "            JPM       LLY      MSFT      NVDA      TSLA       UNH         V  \\\n",
      "AAPL   0.349151  0.234210  0.550544  0.460787  0.601168  0.344753  0.457994   \n",
      "AMZN   0.174670  0.148080  0.440790  0.374994  0.226193  0.135568  0.262436   \n",
      "AVGO   0.329801  0.178032  0.447794  0.482541  0.277383  0.236305  0.352708   \n",
      "BRK-B  0.777745  0.344169  0.544644  0.387183  0.240164  0.562135  0.679634   \n",
      "FB     0.320609  0.239874  0.535344  0.460662  0.276219  0.334238  0.476675   \n",
      "GOOG   0.413175  0.282616  0.752418  0.600523  0.352483  0.362461  0.550282   \n",
      "GOOGL  0.197356  0.158835  0.443205  0.348111  0.210113  0.153295  0.306141   \n",
      "JPM    1.000000  0.241509  0.428704  0.332716  0.250083  0.468728  0.610503   \n",
      "LLY    0.241509  1.000000  0.371904  0.268675  0.073933  0.394885  0.313023   \n",
      "MSFT   0.428704  0.371904  1.000000  0.685386  0.393738  0.454014  0.619458   \n",
      "NVDA   0.332716  0.268675  0.685386  1.000000  0.415428  0.289502  0.481470   \n",
      "TSLA   0.250083  0.073933  0.393738  0.415428  1.000000  0.194242  0.322864   \n",
      "UNH    0.468728  0.394885  0.454014  0.289502  0.194242  1.000000  0.502085   \n",
      "V      0.610503  0.313023  0.619458  0.481470  0.322864  0.502085  1.000000   \n",
      "XOM    0.575464  0.197621  0.253527  0.183725  0.125034  0.365972  0.451268   \n",
      "\n",
      "            XOM  \n",
      "AAPL   0.209634  \n",
      "AMZN   0.096161  \n",
      "AVGO   0.224158  \n",
      "BRK-B  0.593659  \n",
      "FB     0.207546  \n",
      "GOOG   0.275272  \n",
      "GOOGL  0.149702  \n",
      "JPM    0.575464  \n",
      "LLY    0.197621  \n",
      "MSFT   0.253527  \n",
      "NVDA   0.183725  \n",
      "TSLA   0.125034  \n",
      "UNH    0.365972  \n",
      "V      0.451268  \n",
      "XOM    1.000000  \n"
     ]
    },
    {
     "name": "stderr",
     "output_type": "stream",
     "text": [
      "C:\\Users\\JRichards\\AppData\\Local\\Temp\\ipykernel_27936\\1962939561.py:13: FutureWarning: The default fill_method='pad' in DataFrame.pct_change is deprecated and will be removed in a future version. Either fill in any non-leading NA values prior to calling pct_change or specify 'fill_method=None' to not fill NA values.\n",
      "  returns = df.pct_change()\n"
     ]
    }
   ],
   "source": [
    "import pandas as pd\n",
    "\n",
    "# Load the CSV file\n",
    "df = pd.read_csv('combined_eod_data.csv')\n",
    "\n",
    "# Set the 'date' column as the index\n",
    "df.set_index('date', inplace=True)\n",
    "\n",
    "# Convert the data to numeric, ignoring errors for any non-numeric data\n",
    "df = df.apply(pd.to_numeric, errors='coerce')\n",
    "\n",
    "# Calculate daily percentage changes\n",
    "returns = df.pct_change()\n",
    "\n",
    "print(returns.head())\n",
    "\n",
    "# Drop the first row as it will contain NaN values due to the pct_change calculation\n",
    "returns.dropna(inplace=True)\n",
    "\n",
    "print(returns.head())\n",
    "\n",
    "# Calculate the correlation matrix of the percentage changes\n",
    "corr_matrix = returns.corr()\n",
    "\n",
    "# Display the correlation matrix\n",
    "print(corr_matrix)"
   ]
  }
 ],
 "metadata": {
  "kernelspec": {
   "display_name": "Python 3",
   "language": "python",
   "name": "python3"
  },
  "language_info": {
   "codemirror_mode": {
    "name": "ipython",
    "version": 3
   },
   "file_extension": ".py",
   "mimetype": "text/x-python",
   "name": "python",
   "nbconvert_exporter": "python",
   "pygments_lexer": "ipython3",
   "version": "3.12.6"
  }
 },
 "nbformat": 4,
 "nbformat_minor": 2
}
